{
  "root": 1,
  "childs":
  [
    {
      "kind": "spr_ground_prop_ground_desert",
      "physics": 0,
      "translate":
      {
        "z": 0,
        "x": 0,
        "y": 0
      },
      "scale_x": 3200,
      "scale_y": 1900,
      "scale_z": 1000,
      "rotate":
      [
        [
          -0.60211795568466,
          0.7984071969986,
          0
        ],
        
        [
          -0.7984071969986,
          -0.60211795568466,
          0
        ],
        
        [
          0,
          0,
          1
        ]
      ]
    },
    
    {
      "kind": "spr_railing_a",
      "physics": 0,
      "translate":
      {
        "z": 0.22859999909997,
        "x": -8.2192993164063,
        "y": 26.954254150391
      },
      "scale_x": 2030,
      "scale_y": 1000,
      "scale_z": 1000,
      "rotate":
      [
        [
          0.59108877182007,
          -0.80658358335495,
          0.0060769813135266
        ],
        
        [
          0.80660647153854,
          0.5910724401474,
          -0.0043953573331237
        ],
        
        [
          -4.671304486692e-05,
          0.0074997791089118,
          0.99997186660767
        ]
      ]
    },
    
    {
      "kind": "spr_railing_a",
      "physics": 0,
      "translate":
      {
        "z": 0.20879999175668,
        "x": 4.8488464355469,
        "y": 17.434158325195
      },
      "scale_x": 2030,
      "scale_y": 1000,
      "scale_z": 1000,
      "rotate":
      [
        [
          0.58866655826569,
          -0.80837601423264,
          0
        ],
        
        [
          0.80837601423264,
          0.58866655826569,
          0
        ],
        
        [
          0,
          0,
          1.0000001192093
        ]
      ]
    },
    
    {
      "kind": "spr_railing_a",
      "physics": 0,
      "translate":
      {
        "z": 0.22229999676347,
        "x": -6.4712677001953,
        "y": 15.667282104492
      },
      "scale_x": 2030,
      "scale_y": 1000,
      "scale_z": 1000,
      "rotate":
      [
        [
          0.80589431524277,
          0.59205108880997,
          0.003152550663799
        ],
        
        [
          -0.59205949306488,
          0.80588340759277,
          0.0041980450041592
        ],
        
        [
          -5.513102223631e-05,
          -0.0052496776916087,
          0.9999862909317
        ]
      ]
    },
    
    {
      "kind": "spr_railing_a",
      "physics": 0,
      "translate":
      {
        "z": 0.22319999709725,
        "x": 3.098388671875,
        "y": 28.79035949707
      },
      "scale_x": 2030,
      "scale_y": 1000,
      "scale_z": 1000,
      "rotate":
      [
        [
          0.80633896589279,
          0.59145373106003,
          0.00030541291926056
        ],
        
        [
          -0.59145200252533,
          0.80633753538132,
          -0.0020940152462572
        ],
        
        [
          -0.0014847790589556,
          0.0015078487340361,
          0.99999785423279
        ]
      ]
    },
    
    {
      "kind": "spr_barrier_20m",
      "translate":
      {
        "z": -0.0036010006442666,
        "x": 4.8197326660156,
        "y": 17.493301391602
      },
      "scale_x": 834,
      "scale_y": 834,
      "scale_z": 834,
      "rotate":
      [
        [
          -0.58913457393646,
          0.80803519487381,
          0
        ],
        
        [
          -0.80803519487381,
          -0.58913457393646,
          0
        ],
        
        [
          0,
          0,
          1
        ]
      ]
    },
    
    {
      "kind": "spr_barrier_20m",
      "translate":
      {
        "z": -0.003600001335144,
        "x": -6.3727264404297,
        "y": 15.683242797852
      },
      "scale_x": 834,
      "scale_y": 834,
      "scale_z": 834,
      "rotate":
      [
        [
          -0.80599516630173,
          -0.59192168712616,
          0
        ],
        
        [
          0.59192168712616,
          -0.80599516630173,
          0
        ],
        
        [
          0,
          0,
          1
        ]
      ]
    },
    
    {
      "kind": "spr_barrier_20m",
      "translate":
      {
        "z": -0.003600001335144,
        "x": -8.0746231079102,
        "y": 26.98551940918
      },
      "scale_x": 834,
      "scale_y": 834,
      "scale_z": 834,
      "rotate":
      [
        [
          0.58986765146255,
          -0.80749976634979,
          0
        ],
        
        [
          0.80749976634979,
          0.58986765146255,
          0
        ],
        
        [
          0,
          0,
          1
        ]
      ]
    },
    
    {
      "kind": "spr_barrier_20m",
      "translate":
      {
        "z": -0.0036010006442666,
        "x": 3.0389404296875,
        "y": 28.766464233398
      },
      "scale_x": 834,
      "scale_y": 834,
      "scale_z": 834,
      "rotate":
      [
        [
          0.80590230226517,
          0.59204870462418,
          0
        ],
        
        [
          -0.59204870462418,
          0.80590230226517,
          0
        ],
        
        [
          0,
          0,
          1
        ]
      ]
    },
    
    {
      "kind": "spr_barrier_20m",
      "translate":
      {
        "z": -0.0034000007435679,
        "x": -2.3501052856445,
        "y": 22.671951293945
      },
      "scale_x": 1560,
      "scale_y": 1000,
      "scale_z": 1400,
      "rotate":
      [
        [
          0.80359590053558,
          0.00043435214320198,
          0.59517526626587
        ],
        
        [
          -0.59517538547516,
          0.0006141863996163,
          0.80359572172165
        ],
        
        [
          -1.6505040548509e-05,
          -0.99999976158142,
          0.000752073363401
        ]
      ]
    },
    
    {
      "kind": "spr_arabian_passage_house_a",
      "translate":
      {
        "z": 1.9386000223458,
        "x": 7.1391448974609,
        "y": 15.611602783203
      },
      "scale_x": 4800,
      "scale_y": 2000,
      "scale_z": 1000,
      "rotate":
      [
        [
          0.60833543539047,
          -0.79368013143539,
          0
        ],
        
        [
          0.79368007183075,
          0.60833549499512,
          0
        ],
        
        [
          0,
          0,
          1.0000001192093
        ]
      ]
    },
    
    {
      "kind": "spr_arabian_passage_house_a",
      "translate":
      {
        "z": 1.9062000103295,
        "x": 0.8441162109375,
        "y": 20.19157409668
      },
      "scale_x": 4800,
      "scale_y": 2000,
      "scale_z": 1000,
      "rotate":
      [
        [
          0.60056841373444,
          -0.79957342147827,
          0
        ],
        
        [
          0.79957342147827,
          0.60056841373444,
          0
        ],
        
        [
          0,
          0,
          1
        ]
      ]
    },
    
    {
      "kind": "spr_arabian_passage_house_a",
      "translate":
      {
        "z": 2.0196001119912,
        "x": -5.5176086425781,
        "y": 24.784118652344
      },
      "scale_x": 4800,
      "scale_y": 2000,
      "scale_z": 1000,
      "rotate":
      [
        [
          0.59816694259644,
          -0.80137157440186,
          0
        ],
        
        [
          0.80137157440186,
          0.59816694259644,
          0
        ],
        
        [
          0,
          0,
          1.0000001192093
        ]
      ]
    },
    
    {
      "kind": "spr_arabian_passage_house_a",
      "translate":
      {
        "z": 2.0123979635537,
        "x": -11.852256774902,
        "y": 29.080322265625
      },
      "scale_x": 4800,
      "scale_y": 2000,
      "scale_z": 1000,
      "rotate":
      [
        [
          0.59213972091675,
          -0.80583530664444,
          0
        ],
        
        [
          0.80583530664444,
          0.59213972091675,
          0
        ],
        
        [
          0,
          0,
          1
        ]
      ]
    },
    
    {
      "kind": "spr_mm_walldesert1",
      "physics": 0,
      "translate":
      {
        "z": -1.2154659442604,
        "x": -0.22492980957031,
        "y": -0.70150756835938
      },
      "scale_x": 5000,
      "scale_y": 9700,
      "scale_z": 15000,
      "rotate":
      [
        [
          0.0016806579660624,
          0.60010373592377,
          -0.79992043972015
        ],
        
        [
          0.00050893716979772,
          0.79992091655731,
          0.60010522603989
        ],
        
        [
          0.99999850988388,
          -0.0014156807446852,
          0.0010389783419669
        ]
      ]
    },
    
    {
      "kind": "spr_empty",
      "save_inst_to_reg": 0,
      "translate":
      {
        "z": 0.085499998182058,
        "x": -3.2225799560547,
        "y": 32.474472045898
      },
      "scale_x": 1000,
      "scale_y": 1000,
      "scale_z": 1000,
      "rotate":
      [
        [
          -0.50773304700851,
          0.86151444911957,
          0
        ],
        
        [
          -0.86151444911957,
          -0.50773304700851,
          0
        ],
        
        [
          0,
          0,
          1
        ]
      ]
    },
    
    {
      "kind": "spr_empty",
      "save_inst_to_reg": 1,
      "translate":
      {
        "z": 0,
        "x": -0.043899536132813,
        "y": 12.002655029297
      },
      "scale_x": 1000,
      "scale_y": 1000,
      "scale_z": 1000,
      "rotate":
      [
        [
          0.6180100440979,
          -0.78617024421692,
          0
        ],
        
        [
          0.78617024421692,
          0.6180100440979,
          0
        ],
        
        [
          0,
          0,
          1
        ]
      ]
    }
  ]
}